0 00
1 20
2560 08
2561 05
2562 0c
2563 0c
2564 0f
2565 20
2566 17
2567 0f
2568 12
2569 0c
2570 04
2571 00
2572 07
2573 12
2574 01
2575 13
2576 0f
2577 0e
2578 00
256 03
257 00
258 05
259 02
260 00
261 03
262 0a
263 05
264 03
265 00
266 85
267 5b
268 01
269 85
270 2b
271 01
272 03
273 0c
274 05
275 02
276 00
277 03
278 0a
279 05
280 03
281 00
282 85
283 5b
284 01
285 85
286 2b
287 01
288 03
289 0a
290 85
291 46
292 01
293 03
294 01
295 85
296 46
297 01
298 ff
299 15
300 01
301 00
302 00
303 24
304 04
305 1f
306 21
307 02
308 00
309 00
310 14
311 13
312 01
313 31
314 05
315 00
316 00
317 01
318 01
319 00
320 13
321 00
322 05
323 01
324 00
325 86
326 15
327 04
328 00
329 0b
330 00
331 01
332 00
333 00
334 2c
335 05
336 00
337 00
338 01
339 01
340 00
341 13
342 00
343 05
344 01
345 00
346 86
347 15
348 04
349 00
350 0a
351 02
352 13
353 00
354 91
355 6b
356 01
357 0b
358 00
359 2d
360 81
361 5e
362 01
363 01
364 00
365 00
366 14
367 05
368 00
369 00
370 01
371 01
372 00
373 13
374 00
375 05
376 01
377 00
378 86
