      0  1  2  3  4  5  6  7  8  9  A  B  C  D  E  F
0x00: 85 03 00 85 06 00 85 09 00 85 0c 00 ff 00 00 00 
0x10: 00 00 00 00 00 00 00 00 00 00 00 00 00 00 00 00 
0x20: 00 00 00 00 00 00 00 00 00 00 00 00 00 00 00 00 
0x30: 00 00 00 00 00 00 00 00 00 00 00 00 00 00 00 00 
0x40: 00 00 00 00 00 00 00 00 00 00 00 00 00 00 00 00 
0x50: 00 00 00 00 00 00 00 00 00 00 00 00 00 00 00 00 
0x60: 00 00 00 00 00 00 00 00 00 00 00 00 00 00 00 00 
0x70: 03 00 72 00 06 00 76 00 09 00 7a 00 0c 00 7e 00 
0x80: 00 00 00 00 00 00 00 00 00 00 00 00 00 00 00 00 
0x90: 00 00 00 00 00 00 00 00 00 00 00 00 00 00 00 00 
0xa0: 00 00 00 00 00 00 00 00 00 00 00 00 00 00 00 00 
0xb0: 00 00 00 00 00 00 00 00 00 00 00 00 00 00 00 00 
0xc0: 00 00 00 00 00 00 00 00 00 00 00 00 00 00 00 00 
0xd0: 00 00 00 00 00 00 00 00 00 00 00 00 00 00 00 00 
0xe0: 00 00 00 00 00 00 00 00 00 00 00 00 00 00 00 00 
0xf0: 00 00 00 00 00 00 00 00 00 00 00 00 00 00 00 00 
