       0  1  2  3  4  5  6  7  8  9  A  B  C  D  E  F
0x000: 24 23 18 0a e2 0d e2 0d e3 0d 00 0c 00 00 00 00 
0x010: 00 00 00 00 00 00 00 00 00 00 00 00 00 00 00 00 
0x020: 00 00 00 00 00 00 00 00 00 00 00 00 00 00 00 00 
0x030: 00 00 00 00 00 00 00 00 00 00 00 00 00 00 00 00 
0x040: 00 00 00 00 00 00 00 00 00 00 00 00 00 00 00 00 
0x050: 00 00 00 00 00 00 00 00 00 00 00 00 00 00 00 00 
0x060: 00 00 00 00 00 00 00 00 00 00 00 00 00 00 00 00 
0x070: 00 00 00 00 00 00 00 00 00 00 00 00 00 00 00 00 
0x080: 00 00 00 00 00 00 00 00 00 00 00 00 00 00 00 00 
0x090: 00 00 00 00 00 00 00 00 00 00 00 00 00 00 00 00 
0x0a0: 00 00 00 00 00 00 00 00 00 00 00 00 00 00 00 00 
0x0b0: 00 00 00 00 00 00 00 00 00 00 00 00 00 00 00 00 
0x0c0: 00 00 00 00 00 00 00 00 00 00 00 00 00 00 00 00 
0x0d0: 00 00 00 00 00 00 00 00 00 00 00 00 00 00 00 00 
0x0e0: 00 00 00 00 00 00 00 00 00 00 00 00 00 00 00 00 
0x0f0: 00 00 00 00 00 00 00 00 00 00 00 00 00 00 00 00 
0x100: 03 00 05 02 00 03 0a 05 03 00 85 4a 04 85 75 03 
0x110: 03 18 05 02 00 03 0a 05 03 00 85 4a 04 85 34 04 
0x120: 01 04 00 05 06 00 01 05 00 05 07 00 01 04 00 2c 
0x130: 25 1f 26 e0 05 08 00 01 05 00 05 09 00 15 85 b7 
0x140: 02 81 3e 01 ff 85 81 01 43 04 91 61 01 03 43 05 
0x150: 02 00 03 0a 05 03 00 85 4a 04 85 75 03 85 75 03 
0x160: 86 04 00 0a 08 8b 04 01 0a 08 85 8f 03 31 03 00 
0x170: 05 02 00 03 01 05 03 00 03 05 85 3d 03 85 75 03 
0x180: 86 8b 04 00 07 8b 07 0a 08 13 00 a1 90 01 07 86 
0x190: 07 89 02 88 01 44 a1 9c 01 88 02 86 88 02 2c 89 
0x1a0: 02 07 81 87 01 86 03 00 05 00 00 03 20 05 01 00 
0x1b0: 04 00 03 00 0b 00 2d a1 b2 01 01 01 00 2c 05 01 
0x1c0: 00 43 20 43 04 a1 b2 01 03 00 05 00 00 03 20 05 
0x1d0: 01 00 03 00 05 02 00 03 0a 05 03 00 85 4a 04 85 
0x1e0: 75 03 86 8b 07 8b 8b 03 00 8b 07 04 00 0c 89 03 
0x1f0: 0a 02 07 88 03 44 a1 16 02 15 14 a1 01 02 03 01 
0x200: 86 88 02 44 a1 0b 02 15 03 01 86 88 04 2c 89 04 
0x210: 07 88 01 81 ed 01 15 14 13 00 91 27 02 15 07 13 
0x220: 00 91 27 02 03 00 86 88 02 07 44 91 31 02 03 00 
0x230: 86 03 01 86 03 1d 05 02 00 03 0a 05 03 00 03 08 
0x240: 04 20 85 e3 01 13 00 a1 8c 02 03 3a 05 02 00 03 
0x250: 0a 05 03 00 03 08 04 20 85 e3 01 13 00 a1 8d 02 
0x260: 03 3e 05 02 00 03 0a 05 03 00 03 08 04 20 85 e3 
0x270: 01 13 00 a1 93 02 03 22 05 02 00 03 0a 05 03 00 
0x280: 85 4a 04 85 75 03 85 75 03 81 a5 02 ff 85 a6 01 
0x290: 81 a5 02 01 08 00 13 05 25 1f 26 e0 05 08 00 85 
0x2a0: 45 01 81 a5 02 01 06 00 2c 25 1f 26 e0 05 08 00 
0x2b0: 01 07 00 05 09 00 86 01 04 00 02 06 00 15 44 a1 
0x2c0: c3 02 86 01 06 00 15 2c 25 1f 26 e0 05 06 00 04 
0x2d0: 00 0a 06 13 00 a1 f4 02 03 20 85 1f 04 85 75 03 
0x2e0: 85 34 02 03 18 05 02 00 03 0a 05 03 00 85 4a 04 
0x2f0: 85 34 04 86 43 1f a1 33 03 15 03 20 85 1f 04 01 
0x300: 00 00 43 02 05 00 00 01 01 00 13 00 05 01 00 03 
0x310: 20 85 1f 04 01 00 00 2a 05 00 00 01 01 00 13 00 
0x320: 05 01 00 01 06 00 43 02 25 1f 26 e0 05 06 00 85 
0x330: 34 04 86 15 13 1f 85 1f 04 85 34 04 86 8b 2a b1 
0x340: 74 03 89 01 01 03 00 85 b2 03 01 02 00 85 b2 03 
0x350: 03 3a 85 1f 04 03 08 04 20 85 f6 03 85 75 03 01 
0x360: 02 00 13 08 05 02 00 01 03 00 13 00 05 03 00 88 
0x370: 01 81 3e 03 86 15 01 00 00 24 04 1f 21 02 00 00 
0x380: 14 13 01 05 00 00 01 01 00 13 00 05 01 00 86 43 
0x390: 07 b1 99 03 43 29 81 9c 03 15 13 10 07 88 fc 43 
0x3a0: 07 b1 a9 03 43 29 81 ac 03 15 13 10 28 28 28 28 
0x3b0: 22 86 8b 04 f0 21 29 29 29 29 15 04 0a 44 b1 c6 
0x3c0: 03 13 01 81 c9 03 15 13 3a 04 00 0b 00 88 01 15 
0x3d0: 04 0f 21 04 0a 44 b1 de 03 13 01 81 e1 03 15 13 
0x3e0: 3a 04 01 0b 00 01 00 00 13 02 05 00 00 01 01 00 
0x3f0: 13 00 05 01 00 86 8b 07 8b 8b 07 04 00 15 44 91 
0x400: 1e 04 0a 02 07 89 03 07 85 b2 03 88 02 13 00 91 
0x410: 15 04 85 1f 04 88 03 07 2d 88 01 81 fd 03 86 15 
0x420: 04 00 0b 00 01 00 00 2c 05 00 00 01 01 00 13 00 
0x430: 05 01 00 86 03 52 85 1f 04 01 00 00 2a 05 00 00 
0x440: 01 01 00 13 00 05 01 00 15 86 15 04 00 0a 02 13 
0x450: 00 91 5a 04 0b 00 2d 81 4d 04 01 00 00 14 05 00 
0x460: 00 01 01 00 13 00 05 01 00 86 00 00 00 00 00 00 
0x470: 00 00 00 00 00 00 00 00 00 00 00 00 00 00 00 00 
0x480: 00 00 00 00 00 00 00 00 00 00 00 00 00 00 00 00 
0x490: 00 00 00 00 00 00 00 00 00 00 00 00 00 00 00 00 
0x4a0: 00 00 00 00 00 00 00 00 00 00 00 00 00 00 00 00 
0x4b0: 00 00 00 00 00 00 00 00 00 00 00 00 00 00 00 00 
0x4c0: 00 00 00 00 00 00 00 00 00 00 00 00 00 00 00 00 
0x4d0: 00 00 00 00 00 00 00 00 00 00 00 00 00 00 00 00 
0x4e0: 00 00 00 00 00 00 00 00 00 00 00 00 00 00 00 00 
0x4f0: 00 00 00 00 00 00 00 00 00 00 00 00 00 00 00 00 
0x500: 00 00 00 00 00 00 00 00 00 00 00 00 00 00 00 00 
0x510: 00 00 00 00 00 00 00 00 00 00 00 00 00 00 00 00 
0x520: 00 00 00 00 00 00 00 00 00 00 00 00 00 00 00 00 
0x530: 00 00 00 00 00 00 00 00 00 00 00 00 00 00 00 00 
0x540: 00 00 00 00 00 00 00 00 00 00 00 00 00 00 00 00 
0x550: 00 00 00 00 00 00 00 00 00 00 00 00 00 00 00 00 
0x560: 00 00 00 00 00 00 00 00 00 00 00 00 00 00 00 00 
0x570: 00 00 00 00 00 00 00 00 00 00 00 00 00 00 00 00 
0x580: 00 00 00 00 00 00 00 00 00 00 00 00 00 00 00 00 
0x590: 00 00 00 00 00 00 00 00 00 00 00 00 00 00 00 00 
0x5a0: 00 00 00 00 00 00 00 00 00 00 00 00 00 00 00 00 
0x5b0: 00 00 00 00 00 00 00 00 00 00 00 00 00 00 00 00 
0x5c0: 00 00 00 00 00 00 00 00 00 00 00 00 00 00 00 00 
0x5d0: 00 00 00 00 00 00 00 00 00 00 00 00 00 00 00 00 
0x5e0: 00 00 00 00 00 00 00 00 00 00 00 00 00 00 00 00 
0x5f0: 00 00 00 00 00 00 00 00 00 00 00 00 00 00 00 00 
0x600: 00 00 00 00 00 00 00 00 00 00 00 00 00 00 00 00 
0x610: 00 00 00 00 00 00 00 00 00 00 00 00 00 00 00 00 
0x620: 00 00 00 00 00 00 00 00 00 00 00 00 00 00 00 00 
0x630: 00 00 00 00 00 00 00 00 00 00 00 00 00 00 00 00 
0x640: 00 00 00 00 00 00 00 00 00 00 00 00 00 00 00 00 
0x650: 00 00 00 00 00 00 00 00 00 00 00 00 00 00 00 00 
0x660: 00 00 00 00 00 00 00 00 00 00 00 00 00 00 00 00 
0x670: 00 00 00 00 00 00 00 00 00 00 00 00 00 00 00 00 
0x680: 00 00 00 00 00 00 00 00 00 00 00 00 00 00 00 00 
0x690: 00 00 00 00 00 00 00 00 00 00 00 00 00 00 00 00 
0x6a0: 00 00 00 00 00 00 00 00 00 00 00 00 00 00 00 00 
0x6b0: 00 00 00 00 00 00 00 00 00 00 00 00 00 00 00 00 
0x6c0: 00 00 00 00 00 00 00 00 00 00 00 00 00 00 00 00 
0x6d0: 00 00 00 00 00 00 00 00 00 00 00 00 00 00 00 00 
0x6e0: 00 00 00 00 00 00 00 00 00 00 00 00 00 00 00 00 
0x6f0: 00 00 00 00 00 00 00 00 00 00 00 00 00 00 00 00 
0x700: 00 00 00 00 00 00 00 00 00 00 00 00 00 00 00 00 
0x710: 00 00 00 00 00 00 00 00 00 00 00 00 00 00 00 00 
0x720: 00 00 00 00 00 00 00 00 00 00 00 00 00 00 00 00 
0x730: 00 00 00 00 00 00 00 00 00 00 00 00 00 00 00 00 
0x740: 00 00 00 00 00 00 00 00 00 00 00 00 00 00 00 00 
0x750: 00 00 00 00 00 00 00 00 00 00 00 00 00 00 00 00 
0x760: 00 00 00 00 00 00 00 00 00 00 00 00 00 00 00 00 
0x770: 00 00 00 00 00 00 00 00 00 00 00 00 00 00 00 00 
0x780: 00 00 00 00 00 00 00 00 00 00 00 00 00 00 00 00 
0x790: 00 00 00 00 00 00 00 00 00 00 00 00 00 00 00 00 
0x7a0: 00 00 00 00 00 00 00 00 00 00 00 00 00 00 00 00 
0x7b0: 00 00 00 00 00 00 00 00 00 00 00 00 00 00 00 00 
0x7c0: 00 00 00 00 00 00 00 00 00 00 00 00 00 00 00 00 
0x7d0: 00 00 00 00 00 00 00 00 00 00 00 00 00 00 00 00 
0x7e0: 00 00 00 00 00 00 00 00 00 00 00 00 00 00 00 00 
0x7f0: 00 00 00 00 00 00 00 00 00 00 00 00 00 00 00 00 
0x800: 00 00 00 00 00 00 00 00 00 00 00 00 00 00 00 00 
0x810: 00 00 00 00 00 00 00 00 00 00 00 00 00 00 00 00 
0x820: 00 00 00 00 00 00 00 00 00 00 00 00 00 00 00 00 
0x830: 00 00 00 00 00 00 00 00 00 00 00 00 00 00 00 00 
0x840: 00 00 00 00 00 00 00 00 00 00 00 00 00 00 00 00 
0x850: 00 00 00 00 00 00 00 00 00 00 00 00 00 00 00 00 
0x860: 00 00 00 00 00 00 00 00 00 00 00 00 00 00 00 00 
0x870: 00 00 00 00 00 00 00 00 00 00 00 00 00 00 00 00 
0x880: 00 00 00 00 00 00 00 00 00 00 00 00 00 00 00 00 
0x890: 00 00 00 00 00 00 00 00 00 00 00 00 00 00 00 00 
0x8a0: 00 00 00 00 00 00 00 00 00 00 00 00 00 00 00 00 
0x8b0: 00 00 00 00 00 00 00 00 00 00 00 00 00 00 00 00 
0x8c0: 00 00 00 00 00 00 00 00 00 00 00 00 00 00 00 00 
0x8d0: 00 00 00 00 00 00 00 00 00 00 00 00 00 00 00 00 
0x8e0: 00 00 00 00 00 00 00 00 00 00 00 00 00 00 00 00 
0x8f0: 00 00 00 00 00 00 00 00 00 00 00 00 00 00 00 00 
0x900: 00 00 00 00 00 00 00 00 00 00 00 00 00 00 00 00 
0x910: 00 00 00 00 00 00 00 00 00 00 00 00 00 00 00 00 
0x920: 00 00 00 00 00 00 00 00 00 00 00 00 00 00 00 00 
0x930: 00 00 00 00 00 00 00 00 00 00 00 00 00 00 00 00 
0x940: 00 00 00 00 00 00 00 00 00 00 00 00 00 00 00 00 
0x950: 00 00 00 00 00 00 00 00 00 00 00 00 00 00 00 00 
0x960: 00 00 00 00 00 00 00 00 00 00 00 00 00 00 00 00 
0x970: 00 00 00 00 00 00 00 00 00 00 00 00 00 00 00 00 
0x980: 00 00 00 00 00 00 00 00 00 00 00 00 00 00 00 00 
0x990: 00 00 00 00 00 00 00 00 00 00 00 00 00 00 00 00 
0x9a0: 00 00 00 00 00 00 00 00 00 00 00 00 00 00 00 00 
0x9b0: 00 00 00 00 00 00 00 00 00 00 00 00 00 00 00 00 
0x9c0: 00 00 00 00 00 00 00 00 00 00 00 00 00 00 00 00 
0x9d0: 00 00 00 00 00 00 00 00 00 00 00 00 00 00 00 00 
0x9e0: 00 00 00 00 00 00 00 00 00 00 00 00 00 00 00 00 
0x9f0: 00 00 00 00 00 00 00 00 00 00 00 00 00 00 00 00 
0xa00: 20 20 20 20 20 20 20 20 20 07 20 03 10 15 20 05 
0xa10: 0d 15 0c 01 14 0f 12 00 03 0d 04 3e 00 05 18 09 
0xa20: 14 00 03 0f 0d 0d 01 0e 04 20 0e 0f 14 20 12 05 
0xa30: 03 0f 07 0e 09 1a 05 04 2e 00 03 0c 13 00 12 05 
0xa40: 01 04 00 05 12 12 0f 12 3a 20 31 13 14 20 01 12 
0xa50: 07 20 0d 15 13 14 20 02 05 20 32 20 02 19 14 05 
0xa60: 13 00 05 12 12 0f 12 3a 20 32 0e 04 20 01 12 07 
0xa70: 20 0d 15 13 14 20 02 05 20 31 20 02 19 14 05 13 
0xa80: 00 00 00 00 00 00 00 00 00 00 00 00 00 00 00 00 
0xa90: 00 00 00 00 00 00 00 00 00 00 00 00 00 00 00 00 
0xaa0: 00 00 00 00 00 00 00 00 00 00 00 00 00 00 00 00 
0xab0: 00 00 00 00 00 00 00 00 00 00 00 00 00 00 00 00 
0xac0: 00 00 00 00 00 00 00 00 00 00 00 00 00 00 00 00 
0xad0: 00 00 00 00 00 00 00 00 00 00 00 00 00 00 00 00 
0xae0: 00 00 00 00 00 00 00 00 00 00 00 00 00 00 00 00 
0xaf0: 00 00 00 00 00 00 00 00 00 00 00 00 00 00 00 00 
0xb00: 00 00 00 00 00 00 00 00 00 00 00 00 00 00 00 00 
0xb10: 00 00 00 00 00 00 00 00 00 00 00 00 00 00 00 00 
0xb20: 00 00 00 00 00 00 00 00 00 00 00 00 00 00 00 00 
0xb30: 00 00 00 00 00 00 00 00 00 00 00 00 00 00 00 00 
0xb40: 00 00 00 00 00 00 00 00 00 00 00 00 00 00 00 00 
0xb50: 00 00 00 00 00 00 00 00 00 00 00 00 00 00 00 00 
0xb60: 00 00 00 00 00 00 00 00 00 00 00 00 00 00 00 00 
0xb70: 00 00 00 00 00 00 00 00 00 00 00 00 00 00 00 00 
0xb80: 00 00 00 00 00 00 00 00 00 00 00 00 00 00 00 00 
0xb90: 00 00 00 00 00 00 00 00 00 00 00 00 00 00 00 00 
0xba0: 00 00 00 00 00 00 00 00 00 00 00 00 00 00 00 00 
0xbb0: 00 00 00 00 00 00 00 00 00 00 00 00 00 00 00 00 
0xbc0: 00 00 00 00 00 00 00 00 00 00 00 00 00 00 00 00 
0xbd0: 00 00 00 00 00 00 00 00 00 00 00 00 00 00 00 00 
0xbe0: 00 00 00 00 00 00 00 00 00 00 00 00 00 00 00 00 
0xbf0: 00 00 00 00 00 00 00 00 00 00 00 00 00 00 00 00 
0xc00: 00 00 00 00 00 00 00 00 00 00 00 00 00 00 00 00 
0xc10: 00 00 00 00 00 00 00 00 00 00 00 00 00 00 00 00 
0xc20: 00 00 00 00 00 00 00 00 00 00 00 00 00 00 00 00 
0xc30: 00 00 00 00 00 00 00 00 00 00 00 00 00 00 00 00 
0xc40: 00 00 00 00 00 00 00 00 00 00 00 00 00 00 00 00 
0xc50: 00 00 00 00 00 00 00 00 00 00 00 00 00 00 00 00 
0xc60: 00 00 00 00 00 00 00 00 00 00 00 00 00 00 00 00 
0xc70: 00 00 00 00 00 00 00 00 00 00 00 00 00 00 00 00 
0xc80: 00 00 00 00 00 00 00 00 00 00 00 00 00 00 00 00 
0xc90: 00 00 00 00 00 00 00 00 00 00 00 00 00 00 00 00 
0xca0: 00 00 00 00 00 00 00 00 00 00 00 00 00 00 00 00 
0xcb0: 00 00 00 00 00 00 00 00 00 00 00 00 00 00 00 00 
0xcc0: 00 00 00 00 00 00 00 00 00 00 00 00 00 00 00 00 
0xcd0: 00 00 00 00 00 00 00 00 00 00 00 00 00 00 00 00 
0xce0: 00 00 00 00 00 00 00 00 00 00 00 00 00 00 00 00 
0xcf0: 00 00 00 00 00 00 00 00 00 00 00 00 00 00 00 00 
0xd00: 00 00 00 00 00 00 00 00 00 00 00 00 00 00 00 00 
0xd10: 00 00 00 00 00 00 00 00 00 00 00 00 00 00 00 00 
0xd20: 00 00 00 00 00 00 00 00 00 00 00 00 00 00 00 00 
0xd30: 00 00 00 00 00 00 00 00 00 00 00 00 00 00 00 00 
0xd40: 00 00 00 00 00 00 00 00 00 00 00 00 00 00 00 00 
0xd50: 00 00 00 00 00 00 00 00 00 00 00 00 00 00 00 00 
0xd60: 00 00 00 00 00 00 00 00 00 00 00 00 00 00 00 00 
0xd70: 00 00 00 00 00 00 00 00 00 00 00 00 00 00 00 00 
0xd80: 00 00 00 00 00 00 00 00 00 00 00 00 00 00 00 00 
0xd90: 00 00 00 00 00 00 00 00 00 00 00 00 00 00 00 00 
0xda0: 00 00 00 00 00 00 00 00 00 00 00 00 00 00 00 00 
0xdb0: 00 00 00 00 00 00 00 00 00 00 00 00 00 00 00 00 
0xdc0: 00 00 00 00 00 00 00 00 00 00 00 00 00 00 00 00 
0xdd0: 00 00 00 00 00 00 00 00 00 00 00 00 00 00 00 00 
0xde0: 09 14 00 03 1f 1f 1f 03 04 00 12 05 01 04 20 31 
0xdf0: 04 05 06 00 12 05 01 04 20 04 32 30 01 00 05 18 
0xe00: 41 01 ff 0d 32 03 03 0e 39 04 07 0e 08 20 05 00 
0xe10: 0e 00 5f 03 10 0e 08 20 07 15 04 15 0e 05 00 00 
0xe20: 00 00 00 00 00 00 00 00 00 00 00 00 00 00 00 00 
0xe30: 00 00 00 00 00 00 00 00 00 00 00 00 00 00 00 00 
0xe40: 00 00 00 00 00 00 00 00 00 00 00 00 00 00 00 00 
0xe50: 00 00 00 00 00 00 00 00 00 00 00 00 00 00 00 00 
0xe60: 00 00 00 00 00 00 00 00 00 00 00 00 00 00 00 00 
0xe70: 00 00 00 00 00 00 00 00 00 00 00 00 00 00 00 00 
0xe80: 00 00 00 00 00 00 00 00 00 00 00 00 00 00 00 00 
0xe90: 00 00 00 00 00 00 00 00 00 00 00 00 00 00 00 00 
0xea0: 00 00 00 00 00 00 00 00 00 00 00 00 00 00 00 00 
0xeb0: 00 00 00 00 00 00 00 00 00 00 00 00 00 00 00 00 
0xec0: 00 00 00 00 00 00 00 00 00 00 00 00 00 00 00 00 
0xed0: 00 00 00 00 00 00 00 00 00 00 00 00 00 00 00 00 
0xee0: 00 00 00 00 00 00 00 00 00 00 00 00 00 00 00 00 
0xef0: 00 00 00 00 00 00 00 00 00 00 00 00 00 00 00 00 
0xf00: 00 00 00 00 00 00 00 00 00 00 00 00 00 00 00 00 
0xf10: 00 00 00 00 00 00 00 00 00 00 00 00 00 00 00 00 
0xf20: 00 00 00 00 00 00 00 00 00 00 00 00 00 00 00 00 
0xf30: 00 00 00 00 00 00 00 00 00 00 00 00 00 00 00 00 
0xf40: 00 00 00 00 00 00 00 00 00 00 00 00 00 00 00 00 
0xf50: 00 00 00 00 00 00 00 00 00 00 00 00 00 00 00 00 
0xf60: 00 00 00 00 00 00 00 00 00 00 00 00 00 00 00 00 
0xf70: 00 00 00 00 00 00 00 00 00 00 00 00 00 00 00 00 
0xf80: 00 00 00 00 00 00 00 00 00 00 00 00 00 00 00 00 
0xf90: 00 00 00 00 00 00 00 00 00 00 00 00 00 00 00 00 
0xfa0: 00 00 00 00 00 00 00 00 00 00 00 00 00 00 00 00 
0xfb0: 00 00 00 00 00 00 00 00 00 00 00 00 00 00 00 00 
0xfc0: 00 00 00 00 00 00 00 00 00 00 00 00 00 00 00 00 
0xfd0: 00 00 00 00 00 00 00 00 00 00 00 00 00 00 00 00 
0xfe0: 00 00 00 00 00 00 00 00 00 00 00 00 00 00 00 00 
0xff0: 00 00 00 00 00 00 00 00 00 00 00 00 00 00 00 00 
